
strategic_region={
	id=262
	name="STRATEGICREGION_262"
	provinces={
		212 473 624 839 906 1027 1081 1226 1552 1585 1617 2050 2259 2338 2460 2584 2745 3141 3249 3257 3380 3434 3458 3532 3596 3711 3888 4419 4437 4514 4617 4857 4968 5065 5072 5073 5074 5075 5076 5077 5078 5079 5080 5081 5082 5083 5084 5085 5086 5087 5088 5089 5090 5091 5092 5093 5094 5095 5096 5098 5099 5100 5101 5102 5103 5104 5106 5107 5108 5109 5110 5112 5120 5121 5123 5125 
	}
	weather={
		period={
			between={ 0.0 30.11 }
			temperature={ -10.0 35.0 }
			temperature_day_night={ 2.0 -2.0 }
			no_phenomenon=1.500
			rain_light=0.380
			rain_heavy=0.200
			snow=0.000
			blizzard=0.000
			arctic_water=0.000
			mud=0.000
			sandstorm=0.000
			min_snow_level=0.000
		}
	}
}
