
strategic_region={
	id=263
	name="STRATEGICREGION_263"
	provinces={
		17 165 420 546 589 609 702 865 1491 1600 1644 1828 2075 2172 2201 2382 2617 2621 2727 2751 2761 2844 3088 3163 3185 3318 3361 3435 3476 3541 3748 3783 3790 3796 4095 4209 4215 4280 4325 4414 4826 5027 5059 5097 5105 5111 5113 5114 5115 5116 5117 5118 5119 5122 5124 5126 5127 5128 5129 5130 5134 5135 5136 5138 5139 5140 5143 5144 5145 5146 5151 5154 5155 5157 5161 5164 5166 5171 5173 5175 5181 5187 
	}
	weather={
		period={
			between={ 0.0 30.11 }
			temperature={ -10.0 35.0 }
			temperature_day_night={ 2.0 -2.0 }
			no_phenomenon=1.500
			rain_light=0.380
			rain_heavy=0.200
			snow=0.000
			blizzard=0.000
			arctic_water=0.000
			mud=0.000
			sandstorm=0.000
			min_snow_level=0.000
		}
	}
}
