
strategic_region={
	id=264
	name="STRATEGICREGION_264"
	provinces={
		279 309 340 418 878 1030 1272 1299 1510 1525 1555 1646 1812 1896 1941 2242 2301 2426 2668 2716 2882 3111 3221 3356 3426 3442 3639 3647 3999 4787 4800 4960 5010 5049 5137 5142 5153 5160 5165 5170 5172 5176 5177 5178 5180 5183 5184 5186 5188 5189 5190 5192 5193 5195 5197 5198 5199 5202 5203 5204 5206 5207 5209 5213 5215 5216 5218 5220 5223 5224 5226 5235 5236 5239 5241 5242 5246 5252 5254 5265 5266 5271 5272 5279 
	}
	weather={
		period={
			between={ 0.0 30.11 }
			temperature={ -10.0 35.0 }
			temperature_day_night={ 2.0 -2.0 }
			no_phenomenon=1.500
			rain_light=0.250
			rain_heavy=0.100
			snow=0.000
			blizzard=0.000
			arctic_water=0.000
			mud=0.000
			sandstorm=0.000
			min_snow_level=0.000
		}
	}
}
