
strategic_region={
	id=265
	name="STRATEGICREGION_265"
	provinces={
		106 229 374 417 427 434 482 937 1053 1073 1406 1740 2053 2062 2271 2331 2432 2588 2674 2757 2804 3165 3462 3481 3602 4070 4129 4747 4776 4795 4844 4925 5131 5132 5133 5141 5147 5148 5149 5150 5152 5156 5158 5159 5162 5163 5167 5168 5169 5174 5179 5182 5185 5191 5194 5196 5200 5201 5205 5208 5212 5214 5219 5221 5225 5229 5230 5244 5245 5253 5255 5256 5259 5261 5264 5269 5270 5280 5282 5284 5287 5293 
	}
	weather={
		period={
			between={ 0.0 30.11 }
			temperature={ -10.0 35.0 }
			temperature_day_night={ 2.0 -2.0 }
			no_phenomenon=1.500
			rain_light=0.250
			rain_heavy=0.100
			snow=0.000
			blizzard=0.000
			arctic_water=0.000
			mud=0.000
			sandstorm=0.000
			min_snow_level=0.000
		}
	}
}
