
strategic_region={
	id=266
	name="STRATEGICREGION_266"
	provinces={
		179 354 447 534 919 944 1109 1241 1283 1297 1332 1371 1410 1749 1780 1787 1842 1920 1937 2182 2213 2303 2343 2455 2647 2881 2990 3022 3032 3059 3132 3310 3400 3679 3887 3955 3956 4157 4239 4250 4307 4485 4543 4612 5210 5211 5227 5231 5232 5233 5237 5240 5243 5247 5257 5262 5267 5268 5273 5274 5276 5278 5281 5283 5285 5289 5290 5294 5296 5302 5305 5306 5311 5316 5317 5319 5329 5330 5338 5343 5347 5351 5358 5361 5363 5366 5378 5384 
	}
	weather={
		period={
			between={ 0.0 30.11 }
			temperature={ -10.0 35.0 }
			temperature_day_night={ 2.0 -2.0 }
			no_phenomenon=1.500
			rain_light=0.250
			rain_heavy=0.100
			snow=0.000
			blizzard=0.000
			arctic_water=0.000
			mud=0.000
			sandstorm=0.000
			min_snow_level=0.000
		}
	}
}
