
strategic_region={
	id=267
	name="STRATEGICREGION_267"
	provinces={
		403 731 856 1114 1287 1327 1509 1819 2302 3097 3363 3482 3505 3630 3704 4010 4473 4642 4644 4669 4687 4697 4718 4906 4946 5217 5222 5228 5234 5238 5248 5249 5250 5251 5258 5260 5263 5275 5277 5286 5288 5300 5308 5313 5320 5321 5325 5328 5331 5332 5333 5339 5341 5342 5346 5349 5350 5354 5359 5362 5364 5367 5370 5371 5374 5375 5376 5380 5381 5387 5390 5395 5398 5399 
	}
	weather={
		period={
			between={ 0.0 30.11 }
			temperature={ -10.0 35.0 }
			temperature_day_night={ 2.0 -2.0 }
			no_phenomenon=1.500
			rain_light=0.250
			rain_heavy=0.100
			snow=0.000
			blizzard=0.000
			arctic_water=0.000
			mud=0.000
			sandstorm=0.000
			min_snow_level=0.000
		}
	}
}
