
strategic_region={
	id=270
	name="STRATEGICREGION_270"
	provinces={
		96 747 916 1451 1728 1837 1879 1915 1955 2006 2328 2329 2367 2403 2633 2729 3079 3106 3234 3291 3847 3991 4151 4385 4572 4580 4626 4969 5019 5291 5292 5295 5297 5298 5299 5301 5303 5304 5307 5309 5310 5312 5314 5315 5318 5322 5323 5324 5326 5327 5334 5336 5337 5340 5344 5345 5353 5355 5356 5357 5365 5369 5372 5373 5383 5391 5402 5407 5409 
	}
	weather={
		period={
			between={ 0.0 30.11 }
			temperature={ -29.0 9.0 }
			temperature_day_night={ 2.0 -2.0 }
			no_phenomenon=1.070
			rain_light=0.250
			rain_heavy=0.100
			snow=0.390
			blizzard=0.240
			arctic_water=0.000
			mud=0.000
			sandstorm=0.000
			min_snow_level=0.000
		}
	}
}
