
strategic_region={
	id=271
	name="STRATEGICREGION_271"
	provinces={
		422 510 583 590 596 789 853 898 1318 1420 1564 1576 1613 1691 1711 1862 1954 2176 2472 2512 2766 2938 2939 2957 3046 3243 3396 3591 3636 3651 3697 3740 3750 3774 3775 3996 4111 4116 4232 4312 4394 4486 4546 4606 4720 4842 5000 5415 5416 5419 5424 5425 5428 5430 5431 5433 5435 5439 5441 5442 5443 5446 5447 5449 5450 5451 5452 5453 5456 5457 5459 5461 5462 5463 5464 5465 5466 5467 5468 5469 5470 5471 5472 5473 5474 5476 5478 5479 5480 5485 5486 5487 
	}
	weather={
		period={
			between={ 0.0 30.11 }
			temperature={ -29.0 9.0 }
			temperature_day_night={ 2.0 -2.0 }
			no_phenomenon=1.070
			rain_light=0.250
			rain_heavy=0.100
			snow=0.390
			blizzard=0.240
			arctic_water=0.000
			mud=0.000
			sandstorm=0.000
			min_snow_level=0.000
		}
	}
}
