
strategic_region={
	id=273
	name="STRATEGICREGION_273"
	provinces={
		64 83 88 234 330 368 544 744 780 814 843 899 1062 1064 1338 1652 1667 2222 2267 2381 2787 3073 3140 3511 3756 3764 3804 3805 3809 3856 3940 4202 4204 4236 4248 4375 4670 4868 4918 5489 5494 5496 5499 5502 5508 5511 5515 5517 5520 5521 5523 5525 5531 5532 5534 5539 5544 5548 5550 5551 5552 5556 5560 5561 5563 5565 5568 5569 5570 5572 5578 5581 5582 5583 5588 5592 5593 5594 5599 5602 5609 5611 5615 5616 5620 5623 5626 5630 
	}
	weather={
		period={
			between={ 0.0 30.11 }
			temperature={ -10.0 35.0 }
			temperature_day_night={ 2.0 -2.0 }
			no_phenomenon=1.500
			rain_light=0.250
			rain_heavy=0.100
			snow=0.000
			blizzard=0.000
			arctic_water=0.000
			mud=0.000
			sandstorm=0.000
			min_snow_level=0.000
		}
	}
}
