
strategic_region={
	id=274
	name="STRATEGICREGION_274"
	provinces={
		50 293 474 506 509 612 655 658 687 798 806 946 961 987 1002 1023 1276 1355 1367 1902 2459 2468 2485 2515 2577 2701 2755 3177 3368 3479 3527 3663 3674 3821 4119 4175 4832 5573 5574 5580 5587 5589 5601 5603 5604 5613 5617 5619 5634 5639 5640 5645 5646 5649 5650 5652 5653 5654 5657 5661 5662 5663 5664 5668 5670 5673 5674 5676 5678 5679 5680 5682 5687 5691 5692 5695 5696 5698 
	}
	weather={
		period={
			between={ 0.0 30.11 }
			temperature={ -10.0 35.0 }
			temperature_day_night={ 2.0 -2.0 }
			no_phenomenon=1.500
			rain_light=0.250
			rain_heavy=0.100
			snow=0.000
			blizzard=0.000
			arctic_water=0.000
			mud=0.000
			sandstorm=0.000
			min_snow_level=0.000
		}
	}
}
