
strategic_region={
	id=276
	name="STRATEGICREGION_276"
	provinces={
		105 312 364 503 531 570 920 1775 1919 1987 2291 2496 2563 2573 2640 3023 3284 3339 3621 3632 3645 4311 4401 4893 5591 5597 5598 5606 5607 5608 5610 5614 5621 5622 5624 5625 5628 5631 5636 5637 5638 5642 5643 5644 5648 5651 5655 5656 5658 5659 5660 5665 5666 5667 5669 5671 5672 5675 5677 5681 5683 5684 5685 5686 5688 5689 5690 5693 5694 5697 5699 
	}
	weather={
		period={
			between={ 0.0 30.11 }
			temperature={ -10.0 35.0 }
			temperature_day_night={ 2.0 -2.0 }
			no_phenomenon=1.500
			rain_light=0.250
			rain_heavy=0.100
			snow=0.000
			blizzard=0.000
			arctic_water=0.000
			mud=0.000
			sandstorm=0.000
			min_snow_level=0.000
		}
	}
}
