
strategic_region={
	id=278
	name="STRATEGICREGION_278"
	provinces={
		227 614 688 704 717 786 971 1182 1257 1335 1396 1673 2024 2209 2446 2581 2781 2972 3054 3065 3340 3439 3713 3718 4389 4463 4537 4539 4765 4897 5856 5863 5866 5873 5874 5880 5886 5892 5896 5897 5904 5907 5912 5915 5922 5924 5925 5932 5936 5937 5944 5945 5946 5951 5958 5963 5965 5974 5976 5978 5982 5984 5986 5988 5989 5991 6003 6004 6005 6009 6016 6021 6022 6035 6038 6044 6046 6054 6055 6056 6059 6061 6064 6066 6070 
	}
	weather={
		period={
			between={ 0.0 30.11 }
			temperature={ -10.0 35.0 }
			temperature_day_night={ 2.0 -2.0 }
			no_phenomenon=1.500
			rain_light=0.250
			rain_heavy=0.100
			snow=0.000
			blizzard=0.000
			arctic_water=0.000
			mud=0.000
			sandstorm=0.000
			min_snow_level=0.000
		}
	}
}
