
strategic_region={
	id=279
	name="STRATEGICREGION_279"
	provinces={
		119 121 150 182 316 321 332 874 1105 1391 1472 1539 1590 1591 1743 1770 1792 2204 2336 2404 2589 2608 2641 2864 3015 3147 3167 3268 3842 4025 4118 4166 4318 4616 4943 4947 5992 6023 6029 6031 6039 6040 6047 6048 6049 6052 6063 6065 6071 6074 6077 6078 6079 6081 6086 6087 6089 6090 6092 6093 6095 6096 6098 6100 6101 6103 6104 6105 6111 6112 6113 6115 6121 6124 6125 6127 6136 6137 
	}
	weather={
		period={
			between={ 0.0 30.11 }
			temperature={ -10.0 35.0 }
			temperature_day_night={ 2.0 -2.0 }
			no_phenomenon=1.500
			rain_light=0.250
			rain_heavy=0.100
			snow=0.000
			blizzard=0.000
			arctic_water=0.000
			mud=0.000
			sandstorm=0.000
			min_snow_level=0.000
		}
	}
}
