
strategic_region={
	id=281
	name="STRATEGICREGION_281"
	provinces={
		38 163 282 386 458 792 852 886 917 1228 1293 1358 1520 1681 1709 1899 2016 2215 2597 2887 2907 2970 3384 3627 3637 3675 3844 3972 4054 4224 4371 4447 4749 4830 6320 6334 6341 6343 6350 6352 6362 6367 6375 6380 6390 6397 6413 6429 6438 6445 6446 6454 6466 6470 6479 6483 6484 6499 6503 6504 6509 6515 6525 6534 6545 6546 6551 6557 6566 6574 6576 6581 6593 6595 
	}
	weather={
		period={
			between={ 0.0 30.11 }
			temperature={ -10.0 35.0 }
			temperature_day_night={ 2.0 -2.0 }
			no_phenomenon=1.500
			rain_light=0.250
			rain_heavy=0.100
			snow=0.000
			blizzard=0.000
			arctic_water=0.000
			mud=0.000
			sandstorm=0.000
			min_snow_level=0.000
		}
	}
}
