
strategic_region={
	id=282
	name="STRATEGICREGION_282"
	provinces={
		271 323 396 634 679 724 955 1197 1334 1385 1505 1546 1643 1794 1861 2021 2081 2137 2373 2733 2821 2825 2922 2952 3056 3164 3172 3487 3742 3819 3882 3921 4163 4200 4562 4910 4976 5700 5701 5702 5703 5704 5705 5706 5707 5708 5709 5710 5711 5712 5713 5714 5715 5716 5717 5718 5719 5720 5721 5722 5723 5725 5726 5728 5731 5732 5735 5739 5741 5742 5744 5747 5749 5752 5753 5754 5758 5762 5763 5765 5771 5772 5773 5781 5782 5784 5785 5786 5793 5796 5797 5803 5808 5818 5827 5828 5836 5850 5853 5872 
	}
	weather={
		period={
			between={ 0.0 30.11 }
			temperature={ -10.0 35.0 }
			temperature_day_night={ 2.0 -2.0 }
			no_phenomenon=1.500
			rain_light=0.250
			rain_heavy=0.100
			snow=0.000
			blizzard=0.000
			arctic_water=0.000
			mud=0.000
			sandstorm=0.000
			min_snow_level=0.000
		}
	}
}
