
strategic_region={
	id=283
	name="STRATEGICREGION_283"
	provinces={
		218 363 452 455 567 755 760 1163 1193 1252 1506 1754 1809 1844 1984 1988 2094 2239 2376 2532 2865 3351 3608 3652 4425 4542 4726 5028 5766 5767 5783 5789 5798 5800 5801 5814 5817 5829 5832 5835 5837 5841 5845 5851 5860 5862 5878 5879 5883 5884 5888 5889 5894 5900 5905 5910 5913 5918 5921 5926 5935 5939 5940 5959 5960 5972 
	}
	weather={
		period={
			between={ 0.0 30.11 }
			temperature={ -10.0 35.0 }
			temperature_day_night={ 2.0 -2.0 }
			no_phenomenon=1.500
			rain_light=0.250
			rain_heavy=0.100
			snow=0.000
			blizzard=0.000
			arctic_water=0.000
			mud=0.000
			sandstorm=0.000
			min_snow_level=0.000
		}
	}
}
