
strategic_region={
	id=284
	name="STRATEGICREGION_284"
	provinces={
		307 512 536 591 608 1118 1209 1312 1397 1464 1469 1817 2035 2064 2085 2086 2202 2229 2256 2356 2365 2583 2601 2840 3011 3142 3253 3312 3459 3954 3973 4031 4416 4611 4635 4701 4728 4846 4903 4959 5955 5957 5962 5971 5983 5990 5995 5996 6001 6006 6007 6013 6014 6019 6024 6025 6030 6036 6037 6043 6053 6057 6058 6060 6062 6067 6068 6072 6073 6075 6080 6083 6084 6088 6097 6106 6107 6108 6114 6123 
	}
	weather={
		period={
			between={ 0.0 30.11 }
			temperature={ -10.0 35.0 }
			temperature_day_night={ 2.0 -2.0 }
			no_phenomenon=1.500
			rain_light=0.250
			rain_heavy=0.100
			snow=0.000
			blizzard=0.000
			arctic_water=0.000
			mud=0.000
			sandstorm=0.000
			min_snow_level=0.000
		}
	}
}
