
strategic_region={
	id=285
	name="STRATEGICREGION_285"
	provinces={
		6 360 395 625 753 915 1054 1087 1563 1825 1838 1994 2025 2221 2261 2306 2389 2450 2562 2845 2914 2951 3087 3794 3893 4115 4383 4469 4489 4770 4799 4940 5014 6069 6076 6082 6085 6091 6094 6099 6102 6109 6110 6116 6117 6118 6119 6120 6122 6126 6128 6129 6130 6131 6132 6133 6134 6135 6138 6139 6140 6144 6145 6146 6147 6149 6150 6160 6162 6163 6166 6171 6175 6181 6185 6191 6199 6200 6201 
	}
	weather={
		period={
			between={ 0.0 30.11 }
			temperature={ -10.0 35.0 }
			temperature_day_night={ 2.0 -2.0 }
			no_phenomenon=1.500
			rain_light=0.250
			rain_heavy=0.100
			snow=0.000
			blizzard=0.000
			arctic_water=0.000
			mud=0.000
			sandstorm=0.000
			min_snow_level=0.000
		}
	}
}
