
strategic_region={
	id=287
	name="STRATEGICREGION_287"
	provinces={
		114 134 170 187 214 238 291 302 339 513 533 644 1037 1066 1144 1301 1445 1492 1508 1869 1889 1967 2296 2332 2378 2390 2593 2610 2653 2868 2935 2969 3004 3063 3169 3191 3354 3457 3571 3640 3723 3907 3971 4038 4309 4430 4541 4596 4614 4717 4777 4818 4824 6212 6224 6236 6251 6266 6273 6286 6290 6294 6305 6306 6307 6311 6313 6321 6325 6330 6335 6342 6345 6353 6354 6355 6369 6373 6376 6383 6388 6391 6392 6393 6394 6401 6405 6409 6417 6418 6425 6427 6430 6436 6451 6456 6457 6458 6464 6473 6474 6481 6493 6500 6511 6518 6530 6535 6542 6548 6561 6564 6567 6572 
	}
	weather={
		period={
			between={ 0.0 30.11 }
			temperature={ -10.0 35.0 }
			temperature_day_night={ 2.0 -2.0 }
			no_phenomenon=1.500
			rain_light=0.250
			rain_heavy=0.100
			snow=0.000
			blizzard=0.000
			arctic_water=0.000
			mud=0.000
			sandstorm=0.000
			min_snow_level=0.000
		}
	}
}
