
strategic_region={
	id=289
	name="STRATEGICREGION_289"
	provinces={
		226 329 690 831 832 873 1071 1232 1411 1461 1486 1731 1753 1789 1962 2281 2462 2549 2565 2599 2660 2700 2806 2955 2998 3027 3101 3225 3448 3581 3643 3702 3872 4132 4179 4497 4978 6155 6159 6169 6177 6184 6190 6197 6198 6208 6209 6210 6216 6229 6232 6234 6244 6253 6256 6257 6259 6269 6270 6275 6277 6279 6281 6282 6291 6292 6299 6304 6315 6318 6324 6356 6359 6372 6415 6416 
	}
	weather={
		period={
			between={ 0.0 30.11 }
			temperature={ -10.0 35.0 }
			temperature_day_night={ 2.0 -2.0 }
			no_phenomenon=1.500
			rain_light=0.250
			rain_heavy=0.100
			snow=0.000
			blizzard=0.000
			arctic_water=0.000
			mud=0.000
			sandstorm=0.000
			min_snow_level=0.000
		}
	}
}
