
strategic_region={
	id=290
	name="STRATEGICREGION_290"
	provinces={
		4 33 47 91 153 304 328 344 361 735 948 957 981 994 997 1948 1973 2090 2173 2210 2461 2528 2652 2758 3020 3133 3326 3609 3830 3928 4190 4220 4247 4278 4578 5054 6289 6300 6316 6317 6328 6348 6349 6360 6379 6396 6399 6400 6404 6408 6414 6422 6428 6443 6450 6452 6453 6460 6463 6471 6472 6478 6490 6508 6510 6523 6524 6528 6529 6532 6538 6541 6550 6553 6560 6562 6563 6571 6580 6592 6601 
	}
	weather={
		period={
			between={ 0.0 30.11 }
			temperature={ -10.0 35.0 }
			temperature_day_night={ 2.0 -2.0 }
			no_phenomenon=1.500
			rain_light=0.250
			rain_heavy=0.100
			snow=0.000
			blizzard=0.000
			arctic_water=0.000
			mud=0.000
			sandstorm=0.000
			min_snow_level=0.000
		}
	}
}
