
strategic_region={
	id=291
	name="STRATEGICREGION_291"
	provinces={
		235 375 388 442 547 674 761 816 900 1151 1203 1575 1824 2034 2074 2392 2414 2421 2453 2591 2942 2954 3190 3207 3447 3568 3622 3755 3838 4028 4066 4162 4165 4197 4219 4269 4346 4353 4454 4704 4909 5004 5018 6239 6243 6252 6258 6274 6280 6295 6303 6310 6326 6327 6331 6333 6338 6339 6340 6358 6361 6365 6366 6371 6374 6378 6385 6389 6398 6402 6403 6407 6410 6412 6432 6433 6437 6448 6449 6459 6461 6469 6477 6502 6507 6514 6527 6539 6540 6559 
	}
	weather={
		period={
			between={ 0.0 30.11 }
			temperature={ -10.0 35.0 }
			temperature_day_night={ 2.0 -2.0 }
			no_phenomenon=1.500
			rain_light=0.250
			rain_heavy=0.100
			snow=0.000
			blizzard=0.000
			arctic_water=0.000
			mud=0.000
			sandstorm=0.000
			min_snow_level=0.000
		}
	}
}
