
strategic_region={
	id=292
	name="STRATEGICREGION_292"
	provinces={
		296 341 412 460 571 650 684 763 1016 1049 1561 1784 1806 1960 2270 2486 2489 2631 2676 2718 3208 3779 3990 4102 4138 4168 4199 4363 4431 4445 4603 4724 4952 5061 6421 6462 6487 6488 6489 6498 6513 6522 6543 6544 6552 6556 6565 6569 6570 6577 6579 6585 6586 6587 6591 6596 6600 6603 6604 6605 6610 6611 6612 6615 6619 6620 6623 6625 6630 6633 6637 6641 6647 
	}
	weather={
		period={
			between={ 0.0 30.11 }
			temperature={ -10.0 35.0 }
			temperature_day_night={ 2.0 -2.0 }
			no_phenomenon=1.500
			rain_light=0.250
			rain_heavy=0.100
			snow=0.000
			blizzard=0.000
			arctic_water=0.000
			mud=0.000
			sandstorm=0.000
			min_snow_level=0.000
		}
	}
}
