
strategic_region={
	id=293
	name="STRATEGICREGION_293"
	provinces={
		98 162 611 619 823 861 1116 1133 1302 1463 1641 1698 1999 2109 2153 2162 2174 2188 2193 2433 2686 2991 3008 3290 3508 3509 3515 3720 3722 3738 3944 3974 4019 4259 4326 4390 4422 4493 4949 6188 6193 6205 6207 6230 6231 6233 6238 6248 6255 6263 6264 6267 6268 6272 6278 6283 6284 6285 6287 6298 6302 6308 6309 6314 6322 6323 6332 6336 6337 6346 6347 6351 6364 6370 6377 6384 6387 6395 6411 6419 6447 6485 6501 
	}
	weather={
		period={
			between={ 0.0 30.11 }
			temperature={ -10.0 35.0 }
			temperature_day_night={ 2.0 -2.0 }
			no_phenomenon=1.500
			rain_light=0.250
			rain_heavy=0.100
			snow=0.000
			blizzard=0.000
			arctic_water=0.000
			mud=0.000
			sandstorm=0.000
			min_snow_level=0.000
		}
	}
}
