
strategic_region={
	id=294
	name="STRATEGICREGION_294"
	provinces={
		7 46 129 356 449 464 970 1548 1664 1884 2166 2185 2368 2534 2622 2634 2904 2989 3025 3095 3222 3227 3238 3288 3436 3471 3634 3678 3989 4387 4453 4544 4748 4831 4841 4963 4989 6363 6406 6420 6426 6431 6440 6441 6442 6465 6475 6476 6482 6486 6491 6494 6495 6505 6506 6512 6519 6520 6521 6526 6531 6536 6537 6549 6554 6555 6558 6568 6573 6584 6590 6598 6602 6609 6614 6617 6618 6624 
	}
	weather={
		period={
			between={ 0.0 30.11 }
			temperature={ -10.0 35.0 }
			temperature_day_night={ 2.0 -2.0 }
			no_phenomenon=1.500
			rain_light=0.250
			rain_heavy=0.100
			snow=0.000
			blizzard=0.000
			arctic_water=0.000
			mud=0.000
			sandstorm=0.000
			min_snow_level=0.000
		}
	}
}
