
strategic_region={
	id=296
	name="STRATEGICREGION_296"
	provinces={
		139 240 430 586 743 1012 1035 1126 1314 1485 1744 1891 1927 2030 2257 2503 2598 2618 2828 2830 2898 3016 3072 3297 3408 3641 3802 3981 4027 4264 4515 4703 4788 6635 6636 6640 6646 6653 6660 6680 6685 6690 6694 6710 6727 6741 6745 6747 6761 6763 6772 6787 6789 6790 6797 6799 6807 6818 6825 6828 6833 6844 6859 6868 6878 6880 6917 6936 
	}
	weather={
		period={
			between={ 0.0 30.11 }
			temperature={ -10.0 35.0 }
			temperature_day_night={ 2.0 -2.0 }
			no_phenomenon=1.500
			rain_light=0.250
			rain_heavy=0.100
			snow=0.000
			blizzard=0.000
			arctic_water=0.000
			mud=0.000
			sandstorm=0.000
			min_snow_level=0.000
		}
	}
}
