
strategic_region={
	id=301
	name="STRATEGICREGION_301"
	provinces={
		57 274 569 623 706 778 808 860 943 1139 1622 1765 1832 2125 2427 2550 2553 2638 2826 3098 3467 3897 3925 4021 4036 4285 4334 4505 4569 4782 4912 5055 6919 6921 6926 6933 6939 6940 6945 6950 6953 6955 6958 6959 6962 6963 6965 6970 6973 6975 6977 6981 6983 6986 6989 6992 6993 6997 7002 7008 7016 7021 7022 7036 7053 7054 7076 7094 7096 
	}
	weather={
		period={
			between={ 0.0 30.11 }
			temperature={ -10.0 35.0 }
			temperature_day_night={ 2.0 -2.0 }
			no_phenomenon=1.500
			rain_light=0.250
			rain_heavy=0.100
			snow=0.000
			blizzard=0.000
			arctic_water=0.000
			mud=0.000
			sandstorm=0.000
			min_snow_level=0.000
		}
	}
}
