
strategic_region={
	id=302
	name="STRATEGICREGION_302"
	provinces={
		73 221 287 376 457 532 745 993 1435 1547 1827 2015 2101 2147 2211 2300 2305 2333 2363 2430 2616 2929 2933 3246 3307 3325 3330 3450 3753 3900 3967 4443 4450 4576 4621 4725 4853 4914 4919 4997 7009 7032 7038 7044 7055 7061 7072 7073 7083 7084 7089 7095 7099 7106 7108 7110 7112 7119 7120 7132 7150 7151 7153 7157 7158 7160 7181 7182 7186 7187 7193 7194 7197 7203 7215 7220 7223 7224 7230 7244 7245 7246 7257 7261 7275 7288 7310 7313 7325 
	}
	weather={
		period={
			between={ 0.0 30.11 }
			temperature={ -10.0 35.0 }
			temperature_day_night={ 2.0 -2.0 }
			no_phenomenon=1.500
			rain_light=0.250
			rain_heavy=0.100
			snow=0.000
			blizzard=0.000
			arctic_water=0.000
			mud=0.000
			sandstorm=0.000
			min_snow_level=0.000
		}
	}
}
