
strategic_region={
	id=304
	name="STRATEGICREGION_304"
	provinces={
		42 52 62 63 68 161 190 519 525 558 643 907 1115 1189 1341 1490 1519 1526 1781 1835 1975 2234 2277 2287 2335 2594 2744 2773 2818 2984 3080 3203 3495 3914 3933 3961 4029 4035 4423 4456 4553 4790 4939 7103 7113 7127 7128 7129 7138 7139 7154 7166 7170 7183 7184 7198 7199 7205 7216 7221 7225 7233 7239 7241 7247 7252 7262 7267 7276 7277 7296 7298 7300 7301 7303 7304 7317 7322 7338 7339 7340 7341 7350 7351 7352 7375 7376 7385 7410 7412 7423 7428 7440 7442 7443 7449 7455 7466 
	}
	weather={
		period={
			between={ 0.0 30.11 }
			temperature={ -10.0 35.0 }
			temperature_day_night={ 2.0 -2.0 }
			no_phenomenon=1.500
			rain_light=0.250
			rain_heavy=0.100
			snow=0.000
			blizzard=0.000
			arctic_water=0.000
			mud=0.000
			sandstorm=0.000
			min_snow_level=0.000
		}
	}
}
