
strategic_region={
	id=305
	name="STRATEGICREGION_305"
	provinces={
		77 391 431 671 713 965 1395 1402 1655 1695 1741 1764 2151 2369 2407 2506 2704 2711 2855 2892 2928 3085 3236 3269 3376 3617 3793 3815 4210 4370 4491 4712 4791 4849 7147 7148 7180 7206 7210 7212 7218 7222 7237 7238 7240 7248 7249 7270 7281 7289 7297 7302 7314 7315 7318 7323 7326 7353 7356 7363 7377 7389 7405 7415 7417 7424 
	}
	weather={
		period={
			between={ 0.0 30.11 }
			temperature={ -10.0 35.0 }
			temperature_day_night={ 2.0 -2.0 }
			no_phenomenon=1.500
			rain_light=0.250
			rain_heavy=0.100
			snow=0.000
			blizzard=0.000
			arctic_water=0.000
			mud=0.000
			sandstorm=0.000
			min_snow_level=0.000
		}
	}
}
