
strategic_region={
	id=306
	name="STRATEGICREGION_306"
	provinces={
		518 597 621 631 649 772 858 884 923 1357 1375 1382 1423 1513 1517 1588 1623 1703 1750 2457 2699 3002 3076 3350 3419 3771 3811 3964 3984 4043 4148 4176 4446 4472 4527 4739 5067 6978 6979 6991 6996 7001 7004 7005 7011 7012 7018 7025 7029 7033 7040 7041 7042 7046 7056 7065 7066 7069 7077 7078 7079 7081 7091 7092 7097 7101 7104 7107 7109 7111 7114 7116 7121 7126 7133 7134 7136 7140 7141 7142 7155 7167 7171 7172 7174 7188 7201 7219 7232 7253 7263 
	}
	weather={
		period={
			between={ 0.0 30.11 }
			temperature={ -10.0 35.0 }
			temperature_day_night={ 2.0 -2.0 }
			no_phenomenon=1.500
			rain_light=0.250
			rain_heavy=0.100
			snow=0.000
			blizzard=0.000
			arctic_water=0.000
			mud=0.000
			sandstorm=0.000
			min_snow_level=0.000
		}
	}
}
