
strategic_region={
	id=308
	name="STRATEGICREGION_308"
	provinces={
		101 377 382 416 794 1107 1161 1452 1487 1583 1913 2205 2228 2345 2441 2465 2620 2648 2651 3064 3180 3360 3584 3692 3701 3777 3936 4212 4552 4804 4834 6682 6697 6698 6714 6717 6722 6724 6728 6729 6736 6738 6739 6750 6751 6753 6754 6762 6767 6769 6778 6779 6791 6794 6800 6810 6820 6822 6823 6824 6826 6834 6835 6843 6847 6848 6860 
	}
	weather={
		period={
			between={ 0.0 30.11 }
			temperature={ -10.0 35.0 }
			temperature_day_night={ 2.0 -2.0 }
			no_phenomenon=1.500
			rain_light=0.250
			rain_heavy=0.100
			snow=0.000
			blizzard=0.000
			arctic_water=0.000
			mud=0.000
			sandstorm=0.000
			min_snow_level=0.000
		}
	}
}
