
strategic_region={
	id=310
	name="STRATEGICREGION_310"
	provinces={
		9 174 272 349 587 635 736 867 1205 1270 1279 1426 1471 1721 1774 1860 1959 1992 2010 2349 2439 2789 2853 2962 3017 3116 3136 3247 3348 3470 4084 4260 4287 4343 4820 5025 7131 7143 7161 7168 7173 7175 7176 7189 7190 7196 7202 7207 7211 7213 7226 7227 7254 7264 7271 7272 7278 7279 7280 7284 7286 7290 7291 7292 7293 7319 7327 7332 7333 7354 7365 7369 7387 7390 7396 7397 7419 7426 7457 
	}
	weather={
		period={
			between={ 0.0 30.11 }
			temperature={ -10.0 35.0 }
			temperature_day_night={ 2.0 -2.0 }
			no_phenomenon=1.500
			rain_light=0.250
			rain_heavy=0.100
			snow=0.000
			blizzard=0.000
			arctic_water=0.000
			mud=0.000
			sandstorm=0.000
			min_snow_level=0.000
		}
	}
}
