
strategic_region={
	id=311
	name="STRATEGICREGION_311"
	provinces={
		393 398 600 708 765 773 902 978 1013 1040 1124 1142 1425 1432 1684 1880 1995 2108 2247 2248 2544 2580 2858 2870 2988 3000 3397 3950 4121 4133 4174 4227 4428 4609 4625 4763 4866 5031 7305 7324 7342 7360 7361 7366 7388 7393 7398 7425 7430 7438 7439 7447 7448 7451 7452 7462 7468 7475 7483 7485 7491 7500 7501 7505 7506 7509 7510 7518 7519 7523 7530 7546 7547 7549 7550 7551 7554 7563 7578 7580 7590 
	}
	weather={
		period={
			between={ 0.0 30.11 }
			temperature={ -10.0 35.0 }
			temperature_day_night={ 2.0 -2.0 }
			no_phenomenon=1.500
			rain_light=0.250
			rain_heavy=0.100
			snow=0.000
			blizzard=0.000
			arctic_water=0.000
			mud=0.000
			sandstorm=0.000
			min_snow_level=0.000
		}
	}
}
