
strategic_region={
	id=313
	name="STRATEGICREGION_313"
	provinces={
		208 352 472 498 539 593 1267 1604 1637 1705 1727 2055 2105 2297 2445 2525 2605 2666 2796 2981 3173 3211 3263 3423 3463 3474 3557 3564 3573 3743 4011 4110 4408 4894 5001 5043 6890 6898 6900 6901 6908 6910 6920 6923 6930 6938 6941 6942 6944 6948 6949 6957 6960 6961 6964 6972 6974 6976 6980 6982 6984 6985 6988 6990 6994 6995 6998 7000 7010 7013 7015 7020 7034 7052 7059 7060 
	}
	weather={
		period={
			between={ 0.0 30.11 }
			temperature={ -10.0 35.0 }
			temperature_day_night={ 2.0 -2.0 }
			no_phenomenon=1.500
			rain_light=0.560
			rain_heavy=0.280
			snow=0.000
			blizzard=0.000
			arctic_water=0.000
			mud=0.000
			sandstorm=0.000
			min_snow_level=0.000
		}
	}
}
