
strategic_region={
	id=315
	name="STRATEGICREGION_315"
	provinces={
		56 278 371 520 784 945 1000 1047 1057 1137 1370 1383 1415 1686 1742 1872 1953 1968 1977 2051 2129 2731 2732 2941 3036 3158 3456 3480 3595 3943 3965 4573 4699 4828 4869 4913 4938 5041 6967 6968 6969 6971 6999 7006 7007 7019 7026 7030 7031 7035 7043 7047 7048 7049 7050 7057 7058 7067 7068 7070 7075 7088 7098 7102 7115 7117 7122 7130 7144 7145 7149 7165 7177 7185 7208 7235 
	}
	weather={
		period={
			between={ 0.0 30.11 }
			temperature={ -10.0 35.0 }
			temperature_day_night={ 2.0 -2.0 }
			no_phenomenon=1.500
			rain_light=0.250
			rain_heavy=0.100
			snow=0.000
			blizzard=0.000
			arctic_water=0.000
			mud=0.000
			sandstorm=0.000
			min_snow_level=0.000
		}
	}
}
