
strategic_region={
	id=316
	name="STRATEGICREGION_316"
	provinces={
		115 160 725 963 1162 1212 1298 1340 1437 1560 1679 1699 1790 1883 1893 2038 2187 2191 2315 2413 2436 2452 2635 2677 2782 2823 3154 3432 3585 3765 3832 3878 3883 4081 4315 4590 4618 7082 7093 7105 7118 7135 7146 7156 7159 7162 7163 7191 7192 7209 7214 7217 7228 7229 7236 7242 7243 7250 7251 7255 7256 7258 7265 7266 7268 7269 7273 7274 7282 7285 7287 7308 7311 7312 7321 7328 7329 7330 7335 7343 7344 7357 7380 7381 7383 7384 7409 7416 
	}
	weather={
		period={
			between={ 0.0 30.11 }
			temperature={ -10.0 35.0 }
			temperature_day_night={ 2.0 -2.0 }
			no_phenomenon=1.500
			rain_light=0.250
			rain_heavy=0.100
			snow=0.000
			blizzard=0.000
			arctic_water=0.000
			mud=0.000
			sandstorm=0.000
			min_snow_level=0.000
		}
	}
}
