
strategic_region={
	id=326
	name="STRATEGICREGION_326"
	provinces={
		102 125 140 167 220 239 251 438 766 882 932 958 1043 1584 1786 2157 2255 2321 2683 2780 2959 3082 3218 3485 3587 3606 3695 3983 4082 4235 4273 4547 4585 4628 4683 4920 4933 4981 7800 7826 7844 7855 7856 7859 7870 7882 7886 7887 7901 7921 7924 7925 7932 7951 7952 7958 7964 7970 7974 7975 7984 7986 7988 7998 8001 8002 8012 8018 8021 8027 8028 8036 8039 8042 8052 8055 8060 8061 8063 8067 8080 8082 8084 8099 8108 
	}
	weather={
		period={
			between={ 0.0 30.11 }
			temperature={ -10.0 35.0 }
			temperature_day_night={ 2.0 -2.0 }
			no_phenomenon=1.500
			rain_light=0.250
			rain_heavy=0.100
			snow=0.000
			blizzard=0.000
			arctic_water=0.000
			mud=0.000
			sandstorm=0.000
			min_snow_level=0.000
		}
	}
}
