
strategic_region={
	id=337
	name="STRATEGICREGION_337"
	provinces={
		72 243 246 331 497 716 985 1166 1187 1374 1431 1669 1678 1761 2067 2171 2184 2207 2288 2502 2516 2560 2586 2637 2756 2923 3301 3625 3719 3813 3922 3975 4046 4080 4185 4189 4303 4317 4356 4663 4775 4924 5017 5068 7392 7395 7421 7454 7471 7477 7479 7480 7487 7494 7496 7498 7499 7513 7515 7516 7527 7535 7537 7541 7545 7548 7553 7561 7565 7576 7577 7579 7584 7592 7593 7595 7601 7608 7609 7619 7620 7629 7635 7660 7672 7674 7675 7676 7683 7694 7695 7699 
	}
	weather={
		period={
			between={ 0.0 30.11 }
			temperature={ -10.0 35.0 }
			temperature_day_night={ 2.0 -2.0 }
			no_phenomenon=1.500
			rain_light=0.250
			rain_heavy=0.100
			snow=0.000
			blizzard=0.000
			arctic_water=0.000
			mud=0.000
			sandstorm=0.000
			min_snow_level=0.000
		}
	}
}
