
strategic_region={
	id=341
	name="STRATEGICREGION_341"
	provinces={
		16 197 225 440 514 594 691 739 758 811 975 1169 1225 1274 1377 1635 1885 1964 1966 2083 2091 2133 2219 2379 2571 2623 3078 3304 3327 3428 3451 4032 4122 4124 4277 4402 4653 4668 4671 4677 4715 4811 8296 8316 8326 8335 8346 8355 8382 8386 8396 8401 8402 8413 8425 8432 8433 8440 8441 8448 8452 8457 8458 8468 8469 8470 8472 8473 8476 8480 8486 8494 8495 8499 8510 8519 8520 8521 8524 8528 8543 8545 8554 8566 8574 8578 8593 8605 
	}
	weather={
		period={
			between={ 0.0 30.11 }
			temperature={ -10.0 35.0 }
			temperature_day_night={ 2.0 -2.0 }
			no_phenomenon=1.500
			rain_light=0.250
			rain_heavy=0.100
			snow=0.000
			blizzard=0.000
			arctic_water=0.000
			mud=0.000
			sandstorm=0.000
			min_snow_level=0.000
		}
	}
}
