
strategic_region={
	id=346
	name="STRATEGICREGION_346"
	provinces={
		185 423 551 689 952 1006 1251 1328 1482 1565 1619 1651 1702 1752 1980 2031 2454 2575 2734 3021 3099 3152 3424 3656 3660 3808 4016 4173 4221 4246 4415 4451 4462 4474 4551 4962 7981 7983 8004 8007 8008 8009 8010 8011 8026 8034 8045 8054 8062 8066 8070 8085 8089 8090 8091 8103 8107 8110 8121 8122 8123 8127 8129 8135 8142 8148 8157 8159 8163 8166 
	}
	weather={
		period={
			between={ 0.0 30.11 }
			temperature={ -10.0 35.0 }
			temperature_day_night={ 2.0 -2.0 }
			no_phenomenon=1.500
			rain_light=0.250
			rain_heavy=0.100
			snow=0.000
			blizzard=0.000
			arctic_water=0.000
			mud=0.000
			sandstorm=0.000
			min_snow_level=0.000
		}
	}
}
