
strategic_region={
	id=347
	name="STRATEGICREGION_347"
	provinces={
		11 104 149 154 242 318 378 392 429 491 602 834 1305 1399 1877 2140 2150 2179 2246 2312 2398 2783 2822 2842 2983 3186 3196 3206 3295 3414 3559 3840 3908 4079 4108 4300 4327 4511 4675 4719 4908 7742 7743 7747 7749 7751 7766 7768 7770 7771 7782 7788 7791 7798 7806 7807 7818 7823 7837 7838 7839 7854 7860 7865 7867 7868 7869 7890 7891 7900 7905 7909 7910 7911 7920 7938 7941 7942 7943 7946 7961 7969 7973 7982 7994 8017 8035 8050 8078 
	}
	weather={
		period={
			between={ 0.0 30.11 }
			temperature={ -10.0 35.0 }
			temperature_day_night={ 2.0 -2.0 }
			no_phenomenon=1.500
			rain_light=0.250
			rain_heavy=0.100
			snow=0.000
			blizzard=0.000
			arctic_water=0.000
			mud=0.000
			sandstorm=0.000
			min_snow_level=0.000
		}
	}
}
