
strategic_region={
	id=349
	name="STRATEGICREGION_349"
	provinces={
		45 186 262 311 335 475 515 665 740 868 976 1021 1032 1201 1240 1292 1309 1453 1524 1895 1912 2096 2097 2357 2434 2527 2585 2832 2920 2926 2930 3127 3337 3392 3556 3649 3677 3865 4026 4065 4234 4337 4490 4586 4664 4696 4926 8184 8188 8189 8194 8195 8197 8198 8199 8201 8202 8203 8204 8205 8208 8209 8211 8213 8218 8225 8227 8231 8232 8236 8238 8239 8242 8248 8253 8260 8261 8279 8280 8283 8288 8292 8300 8321 8322 8349 8367 8388 8395 8406 8423 8424 8439 8451 8479 8489 
	}
	weather={
		period={
			between={ 0.0 30.11 }
			temperature={ -10.0 35.0 }
			temperature_day_night={ 2.0 -2.0 }
			no_phenomenon=1.500
			rain_light=0.250
			rain_heavy=0.100
			snow=0.000
			blizzard=0.000
			arctic_water=0.000
			mud=0.000
			sandstorm=0.000
			min_snow_level=0.000
		}
	}
}
