
strategic_region={
	id=350
	name="STRATEGICREGION_350"
	provinces={
		87 408 428 550 573 584 669 680 1031 1036 1219 1364 1852 2520 2673 2836 2866 2973 3103 3399 3877 3952 3994 4088 4093 4330 4508 4526 4634 4639 4661 4813 4998 7730 7753 7760 7765 7773 7779 7781 7785 7786 7793 7797 7802 7803 7804 7812 7813 7816 7817 7822 7832 7833 7834 7835 7836 7846 7847 7852 7853 7863 7864 7875 7893 7896 7897 7913 7917 7918 7930 7931 7935 7945 7948 7954 7963 7991 7992 
	}
	weather={
		period={
			between={ 0.0 30.11 }
			temperature={ -10.0 35.0 }
			temperature_day_night={ 2.0 -2.0 }
			no_phenomenon=1.500
			rain_light=0.250
			rain_heavy=0.100
			snow=0.000
			blizzard=0.000
			arctic_water=0.000
			mud=0.000
			sandstorm=0.000
			min_snow_level=0.000
		}
	}
}
