
strategic_region={
	id=351
	name="STRATEGICREGION_351"
	provinces={
		18 141 232 237 325 357 459 633 682 733 795 969 1082 1123 1281 1459 1690 1805 2116 2195 2275 2351 2405 2667 2786 2791 3118 3166 3235 3302 3484 3512 3562 3612 3721 3757 4060 4289 4368 4678 4681 4835 7881 7904 7912 7914 7919 7937 7949 7953 7966 7967 7972 7987 8000 8016 8020 8032 8033 8041 8044 8049 8051 8053 8059 8069 8077 8081 8083 8094 8098 8100 8116 8120 8132 8139 8141 8147 8150 8151 
	}
	weather={
		period={
			between={ 0.0 30.11 }
			temperature={ -10.0 35.0 }
			temperature_day_night={ 2.0 -2.0 }
			no_phenomenon=1.500
			rain_light=0.250
			rain_heavy=0.100
			snow=0.000
			blizzard=0.000
			arctic_water=0.000
			mud=0.000
			sandstorm=0.000
			min_snow_level=0.000
		}
	}
}
