
strategic_region={
	id=355
	name="STRATEGICREGION_355"
	provinces={
		171 257 516 566 641 805 1121 1254 1303 1310 1315 1518 1811 2007 2307 2344 2540 2587 2611 2764 2890 2964 3131 3150 3161 3168 3282 3293 3444 3516 3614 3770 4007 4188 4464 4488 4798 4816 5020 8770 8771 8774 8777 8785 8786 8788 8794 8803 8810 8811 8814 8815 8817 8819 8821 8823 8824 8825 8830 8832 8833 8835 8837 8838 8840 8842 8844 8845 8847 8849 8850 8853 8854 8857 8859 8861 8865 8866 8867 8870 8871 8874 8875 8876 8878 8882 8883 8886 8887 8890 8891 8902 8906 8915 8922 8928 8932 8941 
	}
	weather={
		period={
			between={ 0.0 30.11 }
			temperature={ -10.0 35.0 }
			temperature_day_night={ 2.0 -2.0 }
			no_phenomenon=1.500
			rain_light=0.640
			rain_heavy=0.280
			snow=0.000
			blizzard=0.000
			arctic_water=0.000
			mud=0.000
			sandstorm=0.000
			min_snow_level=0.000
		}
	}
}
