
strategic_region={
	id=358
	name="STRATEGICREGION_358"
	provinces={
		189 301 486 799 863 879 1476 1598 1666 1766 1826 1974 2048 2154 2284 2289 2507 2670 2679 2691 2722 2776 2795 2880 2958 3052 3114 3271 3371 3411 3449 3497 3507 3590 3605 3658 3766 3968 4144 4323 4391 4397 4418 4641 4784 4980 8979 8985 8998 9001 9014 9026 9031 9034 9039 9040 9044 9045 9050 9051 9052 9053 9054 9055 9058 9060 9065 9066 9067 9068 9070 9072 9074 9077 9078 9079 9081 9082 9086 9088 9089 9090 9091 9092 9093 9095 9099 9102 9103 9110 9112 9114 9117 9120 9124 9125 9128 9135 9137 9139 9142 9143 9147 9151 9153 9155 9164 9172 9174 9183 
	}
	weather={
		period={
			between={ 0.0 30.11 }
			temperature={ -10.0 35.0 }
			temperature_day_night={ 2.0 -2.0 }
			no_phenomenon=1.500
			rain_light=0.250
			rain_heavy=0.100
			snow=0.000
			blizzard=0.000
			arctic_water=0.000
			mud=0.000
			sandstorm=0.000
			min_snow_level=0.000
		}
	}
}
