
strategic_region={
	id=359
	name="STRATEGICREGION_359"
	provinces={
		41 159 198 303 373 413 494 672 764 837 855 1245 1439 1550 1551 1682 1773 1854 1970 2013 2268 2279 2402 3278 3519 3841 3848 3859 3896 4045 4154 4230 4282 4386 4870 8282 8294 8309 8313 8317 8327 8337 8347 8357 8364 8365 8370 8376 8378 8404 8411 8414 8436 8443 8449 8483 8500 8511 8517 8522 8532 8536 8546 8547 8553 8560 8561 8575 8577 8579 8583 8584 8588 8589 8599 8606 8613 8629 8630 8631 8645 8648 8655 
	}
	weather={
		period={
			between={ 0.0 30.11 }
			temperature={ -10.0 35.0 }
			temperature_day_night={ 2.0 -2.0 }
			no_phenomenon=1.500
			rain_light=0.250
			rain_heavy=0.100
			snow=0.000
			blizzard=0.000
			arctic_water=0.000
			mud=0.000
			sandstorm=0.000
			min_snow_level=0.000
		}
	}
}
