
strategic_region={
	id=360
	name="STRATEGICREGION_360"
	provinces={
		201 244 245 629 980 1206 1323 1331 1454 1716 1799 1800 2104 2214 2223 2538 2687 2697 2730 2834 2850 3155 3159 3375 3418 3420 3696 3866 4063 4252 4298 4310 4495 4502 4682 4979 8228 8229 8233 8234 8250 8252 8255 8271 8274 8278 8281 8290 8293 8299 8302 8305 8306 8312 8318 8330 8333 8336 8339 8350 8363 8372 8387 8390 8397 8403 8416 8417 8419 8420 8434 8435 8442 8459 8460 8471 8474 8477 8490 8502 8531 8535 8552 8559 
	}
	weather={
		period={
			between={ 0.0 30.11 }
			temperature={ -10.0 35.0 }
			temperature_day_night={ 2.0 -2.0 }
			no_phenomenon=1.500
			rain_light=0.250
			rain_heavy=0.100
			snow=0.000
			blizzard=0.000
			arctic_water=0.000
			mud=0.000
			sandstorm=0.000
			min_snow_level=0.000
		}
	}
}
