
strategic_region={
	id=361
	name="STRATEGICREGION_361"
	provinces={
		84 94 230 256 524 541 661 698 728 746 820 995 1015 1076 1317 1733 1874 2037 2350 2415 2517 3336 3393 3565 3654 3924 4097 4106 4156 4293 4413 4432 4901 4911 5037 8607 8608 8609 8617 8619 8625 8635 8646 8649 8653 8654 8659 8666 8670 8675 8681 8686 8690 8691 8693 8701 8702 8703 8707 8709 8715 8717 8723 8726 8728 8732 8733 8736 8737 8741 8742 8746 8749 8752 8755 8757 8766 8767 8779 8780 8782 8791 8792 8801 8802 8812 
	}
	weather={
		period={
			between={ 0.0 30.11 }
			temperature={ 10.0 35.0 }
			temperature_day_night={ 2.0 -2.0 }
			no_phenomenon=1.500
			rain_light=0.250
			rain_heavy=0.100
			snow=0.000
			blizzard=0.000
			arctic_water=0.000
			mud=0.000
			sandstorm=0.000
			min_snow_level=0.000
		}
	}
}
