
strategic_region={
	id=362
	name="STRATEGICREGION_362"
	provinces={
		181 217 730 791 859 933 1484 1665 1771 2022 2159 2325 2362 2429 2785 2794 2884 3038 3121 3219 3255 3331 3406 3657 3694 3716 3726 3763 3855 3918 3927 3985 4254 4439 4518 4558 8729 8747 8759 8760 8765 8772 8775 8781 8790 8795 8797 8799 8800 8805 8806 8807 8808 8809 8816 8818 8822 8826 8827 8828 8829 8831 8834 8836 8839 8841 8843 8846 8848 8851 8852 8855 8856 8860 8864 8872 8881 8884 8885 8894 8896 
	}
	weather={
		period={
			between={ 0.0 30.11 }
			temperature={ 10.0 35.0 }
			temperature_day_night={ 2.0 -2.0 }
			no_phenomenon=1.500
			rain_light=0.250
			rain_heavy=0.100
			snow=0.000
			blizzard=0.000
			arctic_water=0.000
			mud=0.000
			sandstorm=0.000
			min_snow_level=0.000
		}
	}
}
