
strategic_region={
	id=363
	name="STRATEGICREGION_363"
	provinces={
		142 294 537 598 615 673 983 1088 1102 1434 1713 1757 1785 1810 2197 2224 2240 2558 2570 2813 2943 2978 3176 3277 3464 3712 3911 3945 4369 4878 5003 8215 8216 8220 8222 8224 8230 8237 8241 8247 8256 8259 8264 8266 8267 8269 8275 8285 8286 8297 8298 8303 8304 8307 8308 8310 8319 8323 8324 8325 8328 8340 8343 8351 8358 8359 8366 8368 8373 8380 8384 8392 8393 8412 8428 8429 8444 8446 8454 8464 8488 
	}
	weather={
		period={
			between={ 0.0 30.11 }
			temperature={ 17.0 35.0 }
			temperature_day_night={ 2.0 -2.0 }
			no_phenomenon=1.500
			rain_light=0.250
			rain_heavy=0.100
			snow=0.000
			blizzard=0.130
			arctic_water=0.000
			mud=0.000
			sandstorm=0.090
			min_snow_level=0.000
		}
	}
}
