
strategic_region={
	id=364
	name="STRATEGICREGION_364"
	provinces={
		109 158 365 425 543 620 637 639 822 922 1096 1160 1199 1208 1308 1353 1366 1627 1683 1776 1890 2018 2045 2428 2522 2698 2792 3019 3586 3736 4244 4279 4640 4733 4996 8352 8379 8391 8394 8409 8421 8422 8426 8427 8430 8447 8453 8461 8462 8463 8475 8478 8481 8487 8491 8496 8503 8504 8506 8507 8513 8514 8518 8523 8525 8537 8538 8544 8555 8562 8563 8567 8568 8580 8585 8590 8594 8595 8610 8611 8618 8624 8628 8632 
	}
	weather={
		period={
			between={ 0.0 30.11 }
			temperature={ 17.0 35.0 }
			temperature_day_night={ 2.0 -2.0 }
			no_phenomenon=1.500
			rain_light=0.250
			rain_heavy=0.100
			snow=0.000
			blizzard=0.130
			arctic_water=0.000
			mud=0.000
			sandstorm=0.090
			min_snow_level=0.000
		}
	}
}
