
strategic_region={
	id=365
	name="STRATEGICREGION_365"
	provinces={
		276 579 645 695 1005 1059 1280 1578 1628 1944 2028 2181 2304 2543 2590 2627 2639 2717 3003 3006 3037 3343 3427 3453 3520 3623 3858 4001 4033 4058 4405 4410 4690 4839 4902 4961 4972 4991 5009 8484 8505 8515 8516 8526 8529 8530 8534 8539 8540 8548 8549 8556 8557 8564 8570 8572 8576 8581 8586 8591 8596 8597 8600 8602 8603 8612 8614 8615 8620 8622 8626 8633 8634 8639 8640 8641 8642 8644 8656 8660 8661 8662 8663 8664 8674 8676 8677 8678 8679 8682 8683 8687 8694 8698 8699 8704 8710 8718 8724 8730 8743 8748 
	}
	weather={
		period={
			between={ 0.0 30.11 }
			temperature={ -10.0 35.0 }
			temperature_day_night={ 2.0 -2.0 }
			no_phenomenon=1.500
			rain_light=0.250
			rain_heavy=0.100
			snow=0.000
			blizzard=0.000
			arctic_water=0.000
			mud=0.000
			sandstorm=0.000
			min_snow_level=0.000
		}
	}
}
