
strategic_region={
	id=366
	name="STRATEGICREGION_366"
	provinces={
		790 854 1094 1442 1592 2004 2126 2183 2401 2709 2737 3276 3309 3412 3619 3655 3666 3668 3898 3982 4324 4421 4433 4496 4535 4583 4636 4716 4730 4932 4994 8668 8684 8688 8697 8705 8713 8714 8720 8721 8734 8735 8739 8744 8750 8753 8754 8758 8761 8762 8763 8764 8768 8769 8773 8776 8778 8783 8784 8787 8789 8793 8796 8798 8804 8813 8820 
	}
	weather={
		period={
			between={ 0.0 30.11 }
			temperature={ -10.0 35.0 }
			temperature_day_night={ 2.0 -2.0 }
			no_phenomenon=1.500
			rain_light=0.250
			rain_heavy=0.100
			snow=0.000
			blizzard=0.000
			arctic_water=0.000
			mud=0.000
			sandstorm=0.000
			min_snow_level=0.000
		}
	}
}
