
strategic_region={
	id=372
	name="STRATEGICREGION_372"
	provinces={
		20 103 144 173 284 337 493 833 956 967 1033 1200 1215 1347 1352 1408 1803 1969 1976 2115 2249 2464 2542 2595 3265 3323 3407 3676 3806 3845 4037 4302 4564 4610 4767 5026 8982 8983 8989 8993 8999 9007 9010 9021 9023 9025 9028 9029 9030 9033 9038 9041 9042 9046 9047 9048 9049 9056 9057 9059 9061 9062 9064 9071 9073 9083 9084 9096 9100 9101 9104 9105 9107 9115 9121 9130 
	}
	weather={
		period={
			between={ 0.0 30.11 }
			temperature={ -10.0 35.0 }
			temperature_day_night={ 2.0 -2.0 }
			no_phenomenon=1.500
			rain_light=0.250
			rain_heavy=0.100
			snow=0.000
			blizzard=0.000
			arctic_water=0.000
			mud=0.000
			sandstorm=0.000
			min_snow_level=0.000
		}
	}
}
