
strategic_region={
	id=374
	name="STRATEGICREGION_374"
	provinces={
		70 223 320 554 626 729 801 931 953 990 1074 1291 1390 1414 1621 1900 2163 2252 2309 2458 2612 2662 2777 2779 3031 3241 3409 4131 4299 4561 4721 4760 4805 4859 4936 5053 9425 9426 9429 9432 9433 9436 9441 9448 9456 9459 9463 9465 9466 9469 9470 9471 9473 9477 9480 9488 9489 9493 9494 9497 9498 9500 9501 9503 9504 9508 9510 9511 9514 9515 9517 9518 9519 9521 9527 9529 9530 9532 9538 9544 9545 9548 9549 9573 
	}
	weather={
		period={
			between={ 0.0 30.11 }
			temperature={ 15.0 35.0 }
			temperature_day_night={ 2.0 -2.0 }
			no_phenomenon=1.500
			rain_light=0.250
			rain_heavy=0.100
			snow=0.000
			blizzard=0.000
			arctic_water=0.000
			mud=0.000
			sandstorm=0.000
			min_snow_level=0.000
		}
	}
}
