
strategic_region={
	id=375
	name="STRATEGICREGION_375"
	provinces={
		13 268 694 857 918 1028 1231 1260 1614 1616 1639 1725 2111 2164 2559 2576 3178 3248 3347 3413 3441 3672 3767 3876 4272 4406 4667 5063 9528 9534 9539 9541 9543 9547 9550 9552 9553 9554 9563 9564 9570 9574 9575 9577 9581 9585 9586 9589 9593 9595 9596 9599 9601 9604 9606 9608 9610 9611 9612 9613 9623 9626 9629 9630 9631 9643 9649 9650 9652 9653 9663 9669 9670 9675 9679 9684 
	}
	weather={
		period={
			between={ 0.0 30.11 }
			temperature={ 15.0 35.0 }
			temperature_day_night={ 2.0 -2.0 }
			no_phenomenon=1.500
			rain_light=0.250
			rain_heavy=0.100
			snow=0.000
			blizzard=0.000
			arctic_water=0.000
			mud=0.000
			sandstorm=0.000
			min_snow_level=0.000
		}
	}
}
