
strategic_region={
	id=378
	name="STRATEGICREGION_378"
	provinces={
		334 705 785 895 1034 1097 1154 1183 1221 1387 1797 1836 2276 2283 2531 2663 2772 2820 2846 2918 3149 3198 3381 3607 3624 3731 4158 4565 4592 4688 4985 9418 9424 9431 9443 9450 9451 9453 9455 9458 9461 9462 9464 9468 9472 9479 9481 9482 9483 9486 9490 9491 9492 9495 9499 9502 9505 9506 9507 9509 9512 9513 9516 9520 9522 9523 9524 9525 9526 9531 9533 9535 9536 9537 9546 9557 9558 9559 9560 9565 
	}
	weather={
		period={
			between={ 0.0 30.11 }
			temperature={ -10.0 35.0 }
			temperature_day_night={ 2.0 -2.0 }
			no_phenomenon=0.900
			rain_light=0.250
			rain_heavy=0.100
			snow=0.000
			blizzard=0.000
			arctic_water=0.000
			mud=0.290
			sandstorm=0.000
			min_snow_level=0.000
		}
	}
}
