
strategic_region={
	id=382
	name="STRATEGICREGION_382"
	provinces={
		49 410 465 781 809 989 1321 1330 1707 1881 1894 1990 2043 2058 2069 2323 2371 2582 2671 3175 3213 3352 3498 3558 3616 3700 3816 4076 4098 4222 4322 4438 4608 4884 4958 5011 9063 9069 9075 9076 9080 9085 9087 9094 9097 9098 9106 9108 9109 9111 9116 9119 9122 9123 9131 9136 9140 9141 9144 9145 9146 9149 9154 9156 9157 9161 9162 9167 9169 9175 9176 9177 9179 9180 9182 9186 9191 9198 9203 9210 9211 9213 9219 9220 9224 9225 9227 9232 9242 9246 
	}
	weather={
		period={
			between={ 0.0 30.11 }
			temperature={ -10.0 35.0 }
			temperature_day_night={ 2.0 -2.0 }
			no_phenomenon=1.500
			rain_light=0.250
			rain_heavy=0.100
			snow=0.000
			blizzard=0.000
			arctic_water=0.000
			mud=0.000
			sandstorm=0.000
			min_snow_level=0.000
		}
	}
}
