
strategic_region={
	id=383
	name="STRATEGICREGION_383"
	provinces={
		308 521 560 678 1010 1112 1230 1273 1325 2280 2299 2326 2681 2905 3193 3275 3296 3333 3410 3422 3682 3714 3769 3839 4169 4205 4245 4274 4652 4657 4705 4819 4937 9158 9163 9173 9188 9190 9194 9196 9199 9205 9209 9216 9221 9226 9234 9237 9238 9243 9244 9253 9260 9266 9267 9269 9270 9271 9275 9277 9286 9289 9295 9305 9310 9312 9319 9321 9322 9334 9344 9353 9358 
	}
	weather={
		period={
			between={ 0.0 30.11 }
			temperature={ -10.0 35.0 }
			temperature_day_night={ 2.0 -2.0 }
			no_phenomenon=1.500
			rain_light=0.250
			rain_heavy=0.100
			snow=0.000
			blizzard=0.000
			arctic_water=0.000
			mud=0.000
			sandstorm=0.000
			min_snow_level=0.000
		}
	}
}
