
strategic_region={
	id=386
	name="STRATEGICREGION_386"
	provinces={
		228 528 968 1141 1324 1443 1608 1675 1687 2504 2628 2703 2924 3030 3552 3690 3749 3891 4150 4240 4342 4478 4492 4559 4597 4803 4848 9717 9728 9734 9737 9739 9750 9755 9758 9759 9761 9767 9769 9771 9772 9773 9774 9776 9786 9789 9793 9794 9795 9797 9798 9799 9804 9805 9811 9814 9817 9822 9825 9826 9827 9828 9831 9832 9836 9842 9843 9844 9846 9848 9850 9851 9854 9855 9856 9859 9862 9866 9868 9872 
	}
	weather={
		period={
			between={ 0.0 30.11 }
			temperature={ -10.0 35.0 }
			temperature_day_night={ 2.0 -2.0 }
			no_phenomenon=1.500
			rain_light=0.250
			rain_heavy=0.100
			snow=0.000
			blizzard=0.000
			arctic_water=0.000
			mud=0.000
			sandstorm=0.000
			min_snow_level=0.000
		}
	}
}
