
strategic_region={
	id=389
	name="STRATEGICREGION_389"
	provinces={
		107 215 219 288 568 610 890 974 1149 1168 1213 1405 1488 1523 1759 1972 1996 2026 2042 2072 2112 2168 2391 2658 2908 2963 3043 3338 3349 3388 3635 3817 4073 4085 4350 4396 4399 4509 4579 4679 9625 9644 9658 9659 9681 9687 9696 9706 9716 9721 9722 9727 9729 9732 9733 9736 9745 9749 9752 9754 9764 9765 9766 9768 9778 9785 9791 9792 9803 9809 9813 9819 9824 
	}
	weather={
		period={
			between={ 0.0 30.11 }
			temperature={ -10.0 35.0 }
			temperature_day_night={ 2.0 -2.0 }
			no_phenomenon=1.500
			rain_light=0.250
			rain_heavy=0.100
			snow=0.000
			blizzard=0.000
			arctic_water=0.000
			mud=0.000
			sandstorm=0.000
			min_snow_level=0.000
		}
	}
}
