
strategic_region={
	id=392
	name="STRATEGICREGION_392"
	provinces={
		172 175 317 421 453 749 750 1063 1065 1356 1853 2052 2474 2665 2797 2808 2847 3089 3220 3286 3768 3828 4071 4764 5013 9782 9784 9800 9801 9806 9807 9810 9812 9818 9823 9835 9837 9838 9841 9849 9857 9860 9861 9865 9869 9871 9874 9876 9877 9878 9880 9882 9883 9886 9890 9891 9893 9898 9900 9906 9907 9908 9910 9914 9918 9919 
	}
	weather={
		period={
			between={ 0.0 30.11 }
			temperature={ -10.0 35.0 }
			temperature_day_night={ 2.0 -2.0 }
			no_phenomenon=1.500
			rain_light=0.250
			rain_heavy=0.100
			snow=0.000
			blizzard=0.000
			arctic_water=0.000
			mud=0.000
			sandstorm=0.000
			min_snow_level=0.000
		}
	}
}
