
strategic_region={
	id=394
	name="STRATEGICREGION_394"
	provinces={
		248 681 685 721 1048 1295 2066 2372 2861 3199 3272 3525 3578 3827 4170 4226 4261 4271 4344 4351 4364 4412 4538 4581 4917 10152 10168 10169 10170 10171 10177 10180 10187 10188 10190 10193 10196 10198 10200 10209 10214 10217 10220 10223 10226 10230 10233 10234 10236 10238 10239 10240 10241 10243 10245 10246 10248 10250 10251 10254 10255 10256 10258 10260 10261 10262 10263 
	}
	weather={
		period={
			between={ 0.0 30.11 }
			temperature={ -10.0 35.0 }
			temperature_day_night={ 2.0 -2.0 }
			no_phenomenon=1.500
			rain_light=0.250
			rain_heavy=0.100
			snow=0.000
			blizzard=0.000
			arctic_water=0.000
			mud=0.000
			sandstorm=0.000
			min_snow_level=0.000
		}
	}
}
