
strategic_region={
	id=398
	name="STRATEGICREGION_398"
	provinces={
		48 462 921 1060 1091 1111 1262 1354 1365 1401 1559 1735 1846 1928 2110 2399 2650 2713 2735 2811 2839 2872 2968 3324 3387 3594 3739 3800 3835 3864 3869 4051 4072 4206 4374 4557 4674 4930 4986 9829 9830 9833 9845 9847 9852 9853 9858 9863 9864 9867 9870 9873 9875 9879 9881 9884 9885 9887 9888 9889 9892 9894 9895 9896 9897 9899 9909 9912 9913 9916 9920 9922 9924 9927 9929 9931 9932 9933 9935 9936 9941 9944 9948 9954 9966 9967 9973 9982 
	}
	weather={
		period={
			between={ 0.0 30.11 }
			temperature={ -10.0 35.0 }
			temperature_day_night={ 2.0 -2.0 }
			no_phenomenon=1.500
			rain_light=0.250
			rain_heavy=0.100
			snow=0.000
			blizzard=0.000
			arctic_water=0.000
			mud=0.000
			sandstorm=0.000
			min_snow_level=0.000
		}
	}
}
