
strategic_region={
	id=400
	name="STRATEGICREGION_400"
	provinces={
		30 224 380 390 437 553 741 836 851 1090 1093 1099 1278 1381 1783 1829 2138 2478 2524 2578 2630 2854 2900 3018 3041 3051 3137 3201 3329 3405 3416 3600 3664 3976 4130 4291 4532 4745 4786 4797 4843 5040 9989 9995 9999 10008 10021 10024 10030 10031 10032 10046 10051 10053 10057 10058 10066 10072 10074 10077 10079 10080 10084 10092 10095 10096 10099 10100 10101 10104 10105 10110 10111 10115 10126 10127 10131 10133 10134 10136 10144 10149 10151 10164 10165 10167 
	}
	weather={
		period={
			between={ 0.0 30.11 }
			temperature={ -10.0 35.0 }
			temperature_day_night={ 2.0 -2.0 }
			no_phenomenon=1.500
			rain_light=0.250
			rain_heavy=0.100
			snow=0.000
			blizzard=0.000
			arctic_water=0.000
			mud=0.000
			sandstorm=0.000
			min_snow_level=0.000
		}
	}
}
