
strategic_region={
	id=401
	name="STRATEGICREGION_401"
	provinces={
		127 169 754 912 1156 1398 1569 1624 1720 1907 2100 2263 2264 2273 2387 2482 2977 3280 3377 3523 3698 3899 3946 4075 4335 4466 4888 5006 9901 9902 9903 9904 9905 9911 9915 9917 9923 9925 9926 9928 9930 9934 9937 9938 9940 9942 9945 9946 9950 9951 9952 9955 9956 9958 9959 9961 9962 9963 9964 9969 9970 9971 9974 9977 9978 9979 9987 9993 9998 10002 10009 10012 10014 10019 10041 
	}
	weather={
		period={
			between={ 0.0 30.11 }
			temperature={ -10.0 35.0 }
			temperature_day_night={ 2.0 -2.0 }
			no_phenomenon=1.500
			rain_light=0.250
			rain_heavy=0.100
			snow=0.000
			blizzard=0.000
			arctic_water=0.000
			mud=0.000
			sandstorm=0.000
			min_snow_level=0.000
		}
	}
}
