
strategic_region={
	id=402
	name="STRATEGICREGION_402"
	provinces={
		29 180 206 326 456 696 759 1153 1171 1253 1538 1587 1620 1694 1696 1796 1875 1958 2000 2039 2643 2664 2894 3315 3378 3544 3689 3795 3820 3932 4237 4426 4632 4772 4879 5057 9992 9994 10006 10007 10011 10018 10022 10023 10027 10029 10035 10039 10040 10045 10050 10052 10059 10060 10064 10065 10070 10071 10076 10083 10085 10086 10091 10093 10098 10107 10108 10109 10114 10120 10121 10132 10140 10145 10146 10148 10159 10166 10175 10189 
	}
	weather={
		period={
			between={ 0.0 30.11 }
			temperature={ -10.0 35.0 }
			temperature_day_night={ 2.0 -2.0 }
			no_phenomenon=1.500
			rain_light=0.250
			rain_heavy=0.100
			snow=0.000
			blizzard=0.000
			arctic_water=0.000
			mud=0.000
			sandstorm=0.000
			min_snow_level=0.000
		}
	}
}
