
strategic_region={
	id=403
	name="STRATEGICREGION_403"
	provinces={
		3 82 156 216 439 1045 1135 1380 1412 1494 1553 1571 1602 1714 1864 1925 2123 2198 2227 2438 2596 2672 2812 2893 3230 3259 3597 4005 4288 4461 4607 4757 4852 10094 10116 10118 10124 10128 10130 10141 10143 10150 10158 10160 10162 10163 10173 10174 10178 10179 10181 10182 10185 10191 10192 10194 10195 10197 10201 10202 10204 10205 10206 10207 10210 10211 10212 10215 10216 10218 10219 10221 10222 10224 10227 10228 10229 10231 10232 10235 10237 10242 10244 10247 10249 10252 10253 10257 10259 
	}
	weather={
		period={
			between={ 0.0 30.11 }
			temperature={ -10.0 35.0 }
			temperature_day_night={ 2.0 -2.0 }
			no_phenomenon=1.500
			rain_light=0.250
			rain_heavy=0.100
			snow=0.000
			blizzard=0.000
			arctic_water=0.000
			mud=0.000
			sandstorm=0.000
			min_snow_level=0.000
		}
	}
}
