
strategic_region={
	id=404
	name="STRATEGICREGION_404"
	provinces={
		51 81 100 333 355 559 561 826 1001 1244 1400 1409 1417 1542 1642 1656 1748 1833 1843 1870 1876 1991 1993 2027 2036 2118 2167 2269 2442 2466 2492 2510 2645 2649 2693 2801 2947 2949 2961 2976 2987 3001 3013 3034 3050 3110 3266 3316 3320 3372 3391 3670 3673 3710 3849 3942 3980 4013 4023 4216 4276 4348 4673 4684 4731 4751 4779 4801 4821 4907 4955 10370 10374 10382 10387 10390 10391 10400 10401 10402 10411 10413 10416 10417 10421 10422 10427 10437 10443 10457 10459 10460 10467 10468 10474 10478 10479 10480 10489 10493 10497 10500 10504 10508 10509 10510 10514 10517 10520 10521 10522 10528 10529 10530 10531 10535 10539 10542 10545 10547 10551 10552 10553 10554 10559 10560 10561 10565 10566 10568 10569 10574 10575 10576 10578 10584 10586 10588 10589 10590 10593 10600 10603 10606 10612 10613 10619 10620 10622 10626 10627 10629 10633 10635 10636 10637 10638 10640 10645 10646 10647 10650 
	}
	weather={
		period={
			between={ 0.0 30.11 }
			temperature={ -20.0 -10.0 }
			temperature_day_night={ 2.0 -2.0 }
			no_phenomenon=1.500
			rain_light=0.000
			rain_heavy=0.000
			snow=0.000
			blizzard=0.000
			arctic_water=0.000
			mud=0.000
			sandstorm=0.000
			min_snow_level=0.000
		}
	}
}
