
strategic_region={
	id=406
	name="STRATEGICREGION_406"
	provinces={
		21 166 178 476 479 722 828 1077 1307 1329 1462 1618 1989 2220 2298 2411 2541 2547 2695 2708 2749 2762 2945 3231 3366 3454 3534 3628 3724 3776 4225 10951 10957 11014 11032 11038 11039 11083 11108 11109 11112 11119 11132 11133 11136 11140 11145 11154 11163 11164 11170 11181 11186 11188 11194 11196 11198 11203 11211 11214 11217 11221 11227 11228 11237 11238 11241 11242 11244 11259 
	}
	weather={
		period={
			between={ 0.0 30.11 }
			temperature={ 12.0 35.0 }
			temperature_day_night={ 2.0 -2.0 }
			no_phenomenon=1.500
			rain_light=0.250
			rain_heavy=0.100
			snow=0.000
			blizzard=0.000
			arctic_water=0.000
			mud=0.000
			sandstorm=0.000
			min_snow_level=0.000
		}
	}
}
