
strategic_region={
	id=408
	name="STRATEGICREGION_408"
	provinces={
		261 646 651 1069 1190 1284 1430 1529 1531 1961 2156 2199 2684 2902 3115 3298 3359 3539 4052 4241 10264 10265 10266 10267 10268 10269 10270 10271 10272 10273 10274 10275 10276 10277 10278 10279 10280 10281 10282 10283 10284 10286 10287 10288 10289 10293 10295 10297 10299 10300 10305 10308 10313 10314 
	}
	weather={
		period={
			between={ 0.0 30.11 }
			temperature={ -10.0 35.0 }
			temperature_day_night={ 2.0 -2.0 }
			no_phenomenon=1.500
			rain_light=0.250
			rain_heavy=0.100
			snow=0.000
			blizzard=0.000
			arctic_water=0.000
			mud=0.000
			sandstorm=0.000
			min_snow_level=0.000
		}
	}
}
