
strategic_region={
	id=410
	name="STRATEGICREGION_410"
	provinces={
		145 266 433 436 540 1029 1178 1180 1404 1549 1558 1739 1763 1845 2993 3171 3179 3341 3386 3446 3502 3966 3988 3998 4064 4069 4243 4734 4827 4956 5015 5023 5035 10304 10310 10317 10319 10327 10328 10329 10330 10335 10339 10346 10350 10355 10358 10359 10361 10363 10365 10375 10376 10378 10379 10380 10383 10384 10388 10392 10393 10394 10396 10403 10404 10405 10418 10419 10423 10426 10428 10441 10442 10444 
	}
	weather={
		period={
			between={ 0.0 30.11 }
			temperature={ -10.0 35.0 }
			temperature_day_night={ 2.0 -2.0 }
			no_phenomenon=1.500
			rain_light=0.250
			rain_heavy=0.100
			snow=0.000
			blizzard=0.000
			arctic_water=0.000
			mud=0.000
			sandstorm=0.000
			min_snow_level=0.000
		}
	}
}
