
strategic_region={
	id=411
	name="STRATEGICREGION_411"
	provinces={
		25 213 351 776 1044 1359 1428 1556 1850 1957 2294 2435 2888 3156 3554 3745 3761 3846 4191 4874 5002 10321 10322 10323 10326 10331 10332 10333 10334 10336 10338 10340 10341 10342 10343 10344 10345 10348 10349 10351 10352 10354 10364 10366 10367 10368 10371 10372 10381 10386 10398 10409 10412 10429 10431 10433 10434 10454 
	}
	weather={
		period={
			between={ 0.0 30.11 }
			temperature={ -10.0 35.0 }
			temperature_day_night={ 2.0 -2.0 }
			no_phenomenon=1.500
			rain_light=0.250
			rain_heavy=0.100
			snow=0.000
			blizzard=0.000
			arctic_water=0.000
			mud=0.000
			sandstorm=0.000
			min_snow_level=0.000
		}
	}
}
