
strategic_region={
	id=413
	name="STRATEGICREGION_413"
	provinces={
		112 450 815 1157 1229 1322 1345 2103 2471 2511 3215 3245 3289 3461 3493 3671 3947 3970 4008 4160 4265 4339 4372 4379 4480 4886 4896 10452 10469 10475 10476 10481 10490 10491 10492 10494 10495 10498 10507 10512 10515 10516 10518 10525 10532 10533 10537 10543 10546 10548 10549 10550 10555 10564 10567 10572 10577 10579 10580 10587 10591 10601 10604 
	}
	weather={
		period={
			between={ 0.0 30.11 }
			temperature={ -10.0 35.0 }
			temperature_day_night={ 2.0 -2.0 }
			no_phenomenon=1.500
			rain_light=0.250
			rain_heavy=0.100
			snow=0.000
			blizzard=0.000
			arctic_water=0.000
			mud=0.000
			sandstorm=0.000
			min_snow_level=0.000
		}
	}
}
