
strategic_region={
	id=415
	name="STRATEGICREGION_415"
	provinces={
		409 466 468 982 991 1122 1191 1255 1294 1521 1528 1648 2149 2254 2313 2606 2675 2692 2775 2876 2997 3226 3250 3362 3871 3913 4050 4087 4178 4332 4403 4662 4815 4987 10488 10496 10502 10506 10519 10526 10534 10536 10538 10540 10556 10557 10558 10570 10571 10573 10581 10582 10583 10585 10592 10594 10595 10596 10597 10598 10599 10602 10605 10607 10608 10609 10611 10614 10615 10616 10617 10618 10624 10625 10630 10631 10632 10639 10643 10644 
	}
	weather={
		period={
			between={ 0.0 30.11 }
			temperature={ -10.0 35.0 }
			temperature_day_night={ 2.0 -2.0 }
			no_phenomenon=1.000
			rain_light=0.900
			rain_heavy=0.610
			snow=0.000
			blizzard=0.000
			arctic_water=0.000
			mud=0.000
			sandstorm=0.000
			min_snow_level=0.000
		}
	}
}
