
strategic_region={
	id=417
	name="STRATEGICREGION_417"
	provinces={
		55 298 656 667 1427 1457 1580 1737 2802 3355 3431 3466 3683 3894 3920 4380 4444 4475 5008 10661 10662 10663 10665 10666 10667 10669 10670 10673 10674 10676 10677 10681 10682 10683 10684 10685 10686 10688 10691 10695 10705 10706 10707 10710 10716 10718 10722 10731 10734 10735 10741 10744 10756 10765 10771 10791 10798 10802 
	}
	weather={
		period={
			between={ 0.0 30.11 }
			temperature={ -10.0 1.0 }
			temperature_day_night={ 2.0 -2.0 }
			no_phenomenon=1.500
			rain_light=0.250
			rain_heavy=0.100
			snow=0.210
			blizzard=0.390
			arctic_water=0.000
			mud=0.000
			sandstorm=0.000
			min_snow_level=0.000
		}
	}
}
