
strategic_region={
	id=419
	name="STRATEGICREGION_419"
	provinces={
		40 89 207 632 659 904 1164 1170 1629 1645 1929 2073 2175 2555 2784 2986 3100 3123 3224 3303 3402 3510 3546 3837 3992 4171 4620 4895 10768 10788 10814 10833 10834 10844 10850 10860 10867 10869 10872 10898 10902 10929 10940 10955 10965 10972 10973 10986 10994 10996 11003 11004 11012 11027 11033 11034 11045 11049 11059 11069 11081 11082 11106 11117 
	}
	weather={
		period={
			between={ 0.0 30.11 }
			temperature={ -10.0 1.0 }
			temperature_day_night={ 2.0 -2.0 }
			no_phenomenon=1.500
			rain_light=0.250
			rain_heavy=0.100
			snow=0.210
			blizzard=0.390
			arctic_water=0.000
			mud=0.000
			sandstorm=0.000
			min_snow_level=0.000
		}
	}
}
