
strategic_region={
	id=421
	name="STRATEGICREGION_421"
	provinces={
		204 432 445 557 636 1950 1952 2236 2600 2809 2838 3055 3138 3143 3374 3958 4140 4319 4691 4872 10882 10883 10888 10897 10908 10918 10920 10924 10927 10928 10938 10954 10971 10976 10981 10982 10985 11002 11017 11023 11055 11063 11074 11091 11094 11102 11105 11107 11115 11125 11126 11127 11128 11135 11142 
	}
	weather={
		period={
			between={ 0.0 30.11 }
			temperature={ -10.0 35.0 }
			temperature_day_night={ 2.0 -2.0 }
			no_phenomenon=1.500
			rain_light=0.250
			rain_heavy=0.100
			snow=0.000
			blizzard=0.000
			arctic_water=0.000
			mud=0.000
			sandstorm=0.000
			min_snow_level=0.000
		}
	}
}
