
strategic_region={
	id=422
	name="STRATEGICREGION_422"
	provinces={
		177 209 310 451 562 578 670 709 1626 1982 2178 2212 2536 2767 3042 3102 3233 3242 3258 3292 3364 3478 3499 3610 3867 3923 3926 3929 4109 4149 4587 4771 4977 11139 11159 11174 11175 11176 11187 11202 11220 11230 11231 11233 11235 11240 11243 11245 11247 11248 11249 11251 11252 11253 11256 11258 11261 11263 11268 11269 11273 11276 11277 11281 11283 11284 11285 11291 11292 11294 11299 11304 11305 11307 
	}
	weather={
		period={
			between={ 0.0 30.11 }
			temperature={ -10.0 35.0 }
			temperature_day_night={ 2.0 -2.0 }
			no_phenomenon=1.500
			rain_light=0.250
			rain_heavy=0.100
			snow=0.000
			blizzard=0.000
			arctic_water=0.000
			mud=0.000
			sandstorm=0.000
			min_snow_level=0.000
		}
	}
}
