
strategic_region={
	id=424
	name="STRATEGICREGION_424"
	provinces={
		263 769 1132 1175 1179 1233 1234 1285 1343 1483 1808 2008 2012 2135 2443 2602 2626 2862 3500 4002 4104 4436 4711 4856 10690 10694 10697 10704 10709 10712 10715 10724 10725 10726 10727 10738 10743 10746 10749 10755 10758 10764 10776 10781 10785 10790 10797 10801 10808 10813 10820 10831 10840 10861 10893 10901 10923 10934 
	}
	weather={
		period={
			between={ 0.0 30.11 }
			temperature={ 3.0 35.0 }
			temperature_day_night={ 2.0 -2.0 }
			no_phenomenon=1.500
			rain_light=0.250
			rain_heavy=0.100
			snow=0.000
			blizzard=0.000
			arctic_water=0.000
			mud=0.000
			sandstorm=0.280
			min_snow_level=0.000
		}
	}
}
