
strategic_region={
	id=425
	name="STRATEGICREGION_425"
	provinces={
		703 1136 1304 1515 1726 1767 2076 2158 2237 2521 2765 2879 2995 3049 3119 3228 3285 3358 3548 3662 3744 3825 3861 3875 3938 4477 4714 4808 4935 4950 10809 10842 10862 10865 10896 10904 10917 10937 10945 10950 10964 10969 10970 10978 10979 10992 10993 11008 11020 11021 11022 11030 11036 11037 11044 11057 11058 11068 11073 11080 11092 11093 11095 11101 11111 11131 11138 11147 11151 11158 11161 11169 11173 11179 11184 11190 11191 11201 11204 
	}
	weather={
		period={
			between={ 0.0 30.11 }
			temperature={ 3.0 35.0 }
			temperature_day_night={ 2.0 -2.0 }
			no_phenomenon=1.500
			rain_light=0.250
			rain_heavy=0.100
			snow=0.000
			blizzard=0.000
			arctic_water=0.000
			mud=0.000
			sandstorm=0.280
			min_snow_level=0.000
		}
	}
}
