
strategic_region={
	id=428
	name="STRATEGICREGION_428"
	provinces={
		90 241 383 652 924 996 1007 1250 1311 1389 1418 1605 1830 2121 2216 2480 2481 2909 2999 3029 3066 3353 3490 3598 3814 3833 3889 4159 4183 4266 4296 4927 5022 10849 10864 10876 10900 10913 10916 10921 10922 10933 10959 10962 10963 10967 10968 10984 11001 11007 11011 11015 11019 11026 11029 11043 11053 11054 11070 11079 11086 11088 11089 11090 11099 11100 11114 11124 11130 11134 11143 11149 11150 11160 11168 11172 11178 11189 11193 11195 
	}
	weather={
		period={
			between={ 0.0 30.11 }
			temperature={ -10.0 35.0 }
			temperature_day_night={ 2.0 -2.0 }
			no_phenomenon=1.500
			rain_light=0.250
			rain_heavy=0.100
			snow=0.000
			blizzard=0.000
			arctic_water=0.000
			mud=0.000
			sandstorm=0.070
			min_snow_level=0.000
		}
	}
}
