
strategic_region={
	id=432
	name="STRATEGICREGION_432"
	provinces={
		26 191 470 527 793 941 1038 1046 1424 1433 1438 1672 1998 2136 2364 2469 2689 2726 2788 2921 3105 3113 3200 3202 3506 3545 3986 3993 4123 4354 4838 4954 11367 11380 11388 11391 11392 11397 11404 11406 11409 11411 11420 11421 11432 11433 11435 11440 11447 11449 11450 11451 11454 11455 11459 11460 11464 11465 11467 11470 11474 11476 11478 11484 11485 11486 11493 11497 11498 11499 11505 11515 11516 11519 11520 11528 11529 11531 11533 11534 
	}
	weather={
		period={
			between={ 0.0 30.11 }
			temperature={ -10.0 35.0 }
			temperature_day_night={ 2.0 -2.0 }
			no_phenomenon=1.500
			rain_light=0.250
			rain_heavy=0.100
			snow=0.000
			blizzard=0.000
			arctic_water=0.000
			mud=0.000
			sandstorm=0.000
			min_snow_level=0.000
		}
	}
}
