
strategic_region={
	id=434
	name="STRATEGICREGION_434"
	provinces={
		269 485 653 775 817 827 862 925 964 1177 1570 1847 2320 2324 2377 2412 2508 2636 4096 4355 4605 4672 4881 4993 5051 10753 10799 10822 10826 10829 10847 10852 10853 10857 10863 10873 10874 10875 10886 10890 10891 10903 10909 10914 10915 10931 10932 10943 10946 10947 10948 10952 10960 10961 10977 10988 10989 10990 10991 10995 10999 11010 11018 11024 11025 11028 11035 11042 11046 11048 11052 11056 11060 11061 11066 11067 11071 11078 11084 11085 11098 11129 11137 
	}
	weather={
		period={
			between={ 0.0 30.11 }
			temperature={ -10.0 35.0 }
			temperature_day_night={ 2.0 -2.0 }
			no_phenomenon=1.500
			rain_light=0.250
			rain_heavy=0.100
			snow=0.000
			blizzard=0.000
			arctic_water=0.000
			mud=0.000
			sandstorm=0.000
			min_snow_level=0.000
		}
	}
}
