
strategic_region={
	id=436
	name="STRATEGICREGION_436"
	provinces={
		306 338 866 1150 1236 1266 1394 1468 1489 1501 1839 1886 2895 3128 3575 3725 4041 4440 4494 4522 4710 4737 4904 4934 5060 11040 11041 11047 11051 11072 11077 11087 11097 11104 11110 11113 11120 11146 11148 11152 11155 11156 11157 11166 11167 11182 11183 11197 11199 11206 11207 11215 11216 11218 11219 11224 11229 11232 11234 
	}
	weather={
		period={
			between={ 0.0 30.11 }
			temperature={ -10.0 35.0 }
			temperature_day_night={ 2.0 -2.0 }
			no_phenomenon=1.500
			rain_light=0.250
			rain_heavy=0.100
			snow=0.000
			blizzard=0.000
			arctic_water=0.000
			mud=0.000
			sandstorm=0.000
			min_snow_level=0.000
		}
	}
}
