
strategic_region={
	id=437
	name="STRATEGICREGION_437"
	provinces={
		133 136 188 489 555 654 818 883 1056 1128 1908 2160 2241 2554 2739 3033 3294 3373 3503 3772 3798 4044 4214 4316 4398 4702 4915 4966 11246 11250 11264 11265 11266 11267 11270 11272 11275 11278 11279 11286 11287 11288 11289 11295 11297 11300 11301 11302 11303 11306 11308 11309 11310 11311 11312 11313 11314 11315 11316 11317 11318 11319 11320 11321 11322 11323 11324 11325 11326 11327 
	}
	weather={
		period={
			between={ 0.0 30.11 }
			temperature={ -10.0 35.0 }
			temperature_day_night={ 2.0 -2.0 }
			no_phenomenon=1.500
			rain_light=0.250
			rain_heavy=0.100
			snow=0.000
			blizzard=0.000
			arctic_water=0.000
			mud=0.000
			sandstorm=0.000
			min_snow_level=0.000
		}
	}
}
