
strategic_region={
	id=440
	name="STRATEGICREGION_440"
	provinces={
		15 481 495 538 783 812 940 1264 1348 1444 1512 1593 1910 1939 1946 2319 2386 2705 2706 2750 3570 3901 4186 4333 4528 4550 4780 4806 4817 11511 11514 11522 11525 11530 11536 11545 11549 11552 11555 11558 11559 11560 11561 11563 11565 11566 11567 11568 11570 11571 11574 11575 11576 11577 11578 11579 11580 11581 11582 11583 11584 11585 11586 
	}
	weather={
		period={
			between={ 0.0 30.11 }
			temperature={ -10.0 -3.0 }
			temperature_day_night={ 2.0 -2.0 }
			no_phenomenon=1.500
			rain_light=0.250
			rain_heavy=0.100
			snow=0.410
			blizzard=0.310
			arctic_water=0.000
			mud=0.000
			sandstorm=0.000
			min_snow_level=0.000
		}
	}
}
