
strategic_region={
	id=444
	name="STRATEGICREGION_444"
	provinces={
		14 24 345 350 604 1024 1078 1110 1216 1384 1407 1768 1882 1892 1942 2132 2265 2346 2431 2533 2624 2661 2696 2774 3254 3687 3754 3852 4161 4218 4381 4435 4563 4941 4942 5005 11414 11423 11427 11428 11437 11438 11441 11443 11452 11461 11462 11468 11472 11473 11475 11477 11479 11480 11481 11487 11488 11489 11490 11491 11494 11495 11500 11501 11507 11508 11509 11510 11517 11518 11521 11523 11526 11527 11535 11539 11540 11542 11543 11544 11547 11548 11550 11553 11554 11556 11557 11562 11564 11569 11572 11573 
	}
	weather={
		period={
			between={ 0.0 30.11 }
			temperature={ -10.0 35.0 }
			temperature_day_night={ 2.0 -2.0 }
			no_phenomenon=1.500
			rain_light=0.250
			rain_heavy=0.100
			snow=0.000
			blizzard=0.000
			arctic_water=0.000
			mud=0.000
			sandstorm=0.000
			min_snow_level=0.000
		}
	}
}
