
strategic_region={
	id=446
	name="STRATEGICREGION_446"
	provinces={
		31 95 370 545 683 869 877 909 1220 1481 1530 1543 1636 1661 1793 1986 2068 2122 2134 2340 2361 2417 2483 2567 2768 2771 2960 3183 3346 3369 3501 3518 3706 3708 3751 3843 3960 4407 4458 4512 4531 4601 4773 4921 4974 5047 5058 5823 5824 5831 5834 5840 5848 5849 5858 5861 5865 5867 5871 5881 5882 5885 5893 5898 5899 5906 5908 5916 5917 5920 5928 5929 5933 5934 5938 5947 5952 5954 5956 5961 5964 5966 5969 5970 5977 5979 5993 5994 5998 5999 6000 6008 6011 6012 6017 6018 6026 6027 6032 6033 6041 6042 6045 6050 6051 
	}
	weather={
		period={
			between={ 0.0 30.11 }
			temperature={ -10.0 35.0 }
			temperature_day_night={ 2.0 -2.0 }
			no_phenomenon=1.500
			rain_light=0.250
			rain_heavy=0.100
			snow=0.000
			blizzard=0.000
			arctic_water=0.000
			mud=0.000
			sandstorm=0.000
			min_snow_level=0.000
		}
	}
}
