state={
	id=493
	name="Empty Space"
	provinces={
		11587 11591 11596 11597 11600 11601 11606 11607 11609 11610 11615 11616 11622 11623 11624 11625 11628 11630 11631 11632 11633 11634 11635 11636 11637 11638 11641 11643 11653 11654 11655 11656 11658 11663 11664 11665 11666 11668 11671 11672 11673 11678 11680 11681 11684 11686 11689 11690 11691 11692 11693 11696 11697 11698 11699 11700 11701 11702 11703 11705 11707 11708 11714 11718 11720 11721 11723 11725 11726 11727 11730 11736 11738 11739 11742 11743 11744 11745 11746 11747 11748 11749 11750 11752 11753 11754 11757 11758 11759 11761 11762 11764 11770 11772 11773 11774 11775 11777 11778 11780 11782 11783 11784 11792 11793 11794 11795 11796 11800 11802 11803 11805 11806 11807 11810 11811 11813 11816 11818 11824 11825 11826 11829 11830 11836 11838 11840 11841 11844 11845 11857 11858 11862 11865 11871 11872 11873 11874 11878 11879 11880 11883 11886 11887 11888 11890 11898 11899 11901 11902 11903 11904 11906 11907 11908 11910 11914 11916 11920 11927 11929 11931 11941 11945 11947 11948 11953 11954 11955 11956 11957 11967 11969 11972 11973 11974 11978 11979 11983 11984 11985 11986 11988 11990 11995 11997 11999 12002 12005 12007 12008 12011 12013 12015 12018 12021 12023 12026 12027 12028 12029 12030 12033 12037 12041 12042 12047 12052 12054 12056 12057 12058 12061 12062 12063 
	}
	history = {
	}
	manpower=0
	buildings_max_level_factor=1.000
	state_category=wasteland
	impassable = yes
}

